4 4398046511104 100663296 65536 2048 32768 
4 1099511627776 4 1 131152 32768 
4 5368709376 1048576 6426624 262144 2048 
4 1099511627776 2048 68719476736 262144 16384 
4 2048 415672303744 1024 16384 10752 
4 256 1026 4096 2048 128 
4 524288 266240 256 4194304 8192 
4 256 2052 1088 2308 529 
4 4 1 4398046511104 33554432 32768 
4 8589938688 2199024312320 17179869184 38654709776 160 
4 4096 34082816 256 84152320 20496 
4 65536 393248 8388608 299072 128 
4 34848 36864 40960 278528 16384 
4 1024 84152320 1376544 33554432 8192 
